Lint_percentage Seed_index Lint_index Seed_oil_content
37.5 11.3 8.1 18.2
38.9 9.6 7.2 19.8
41.7 8.5 7.1 19.8
40.9 9 7.3 19.8
38.4 10.5 7.9 20.2
36.6 10.2 6.8 19.2
38.7 8.6 6.6 18.7
38.4 9 6.7 19.6
37.8 9.5 6.7 18.6
40.5 8.7 7.1 19.6
40.6 10.1 8.4 19.3
42.1 9 7.8 18.8
40.5 9.1 7.5 19.3
40.3 9.3 7.5 19.1
38.5 10.4 7.9 20.2
38.6 8.9 6.6 17.9
42.3 9 7.9 19
41.2 10 8.3 19.5
40.2 10.4 8.4 18.4
41.4 8.7 7.6 17.4
42.8 7.9 6.8 19.6
40.8 10.2 8.2 18.6
41.8 9.6 8 17.9
37.1 10.4 7.2 18.9
38.8 10.7 8.6 19.6
38.5 9.7 7.3 17.2
40 9.3 7.3 17
40.6 9.6 7.6 19.2
40.2 9.1 7.5 19.4
40.1 9.7 7.7 19.5
37.5 9.5 7.2 17.8
39.6 9.2 7.4 20
37.1 9.8 7.2 20.1
39.8 9.6 7.5 19.1
38.6 9.6 7.1 17.8
39.4 10.4 8.3 22.2
39.2 9.8 7.5 19.6
39.5 10.4 7.8 18.9
39.6 9.3 7.2 19.4
38.2 9.9 7.3 19.1
36 9.9 6.8 21
38.9 9.7 7.6 17.3
42.5 9.6 8.3 17.7
39.6 8.8 6.9 18
37.5 9.8 6.8 20.3
37.5 10.2 7.5 18.8
40.6 9.4 7.7 19.4
37.7 10.1 7.5 18.5
40.3 8.9 7.3 18
38.4 9.4 7 19
41.4 9.1 7.9 18.1
36.7 11 7.8 19.2
39.8 9.3 7.9 18.3
40.7 9.2 7.5 21.1
39.1 8.3 6.4 17.3
36.1 10 6.8 19.5
39.9 9.7 8.1 19.9
41 8.8 7.6 17.6
39.5 11.2 8.7 18.8
42.4 8.9 7.9 18.1
42.9 8.3 7.3 19.3
40.9 8.3 7.2 18.9
40.5 9.3 7.5 19.1
41.3 9 7.8 19.1
38.3 9.7 7.5 17.6
38.8 8.7 6.7 20.2
38.7 8.8 6.9 16.2
40 9 8.3 18.5
37.1 11 8.6 18.4
39.1 9.4 7.7 18.9
38.3 10.2 7 18.4
39.3 9.8 7.8 19.9
39.3 9.3 7.3 19.2
39.4 10.4 8.3 19.3
36.4 8.5 6.1 18.8
40.1 9.5 7.5 19.2
37.3 9.7 6.7 19.8
38.8 9 6.9 19.7
44 10 9 18.8
38.8 9.9 7.8 21
40 10.5 8.2 17.8
40.4 9.3 7.3 20.3
40.3 10.5 8.8 17.9
38.9 9.3 7.3 18.8
37.8 9.6 7.2 19.5
38.5 10.1 8 17.5
36.6 10.3 6.7 19.9
40.4 9.3 7.6 18.8
38.8 8.9 6.9 18.5
40.5 8.7 7.3 18.6
38.6 8.7 7.2 18.4
41 9.4 7.9 19.1
38.2 9.6 7.1 19.9
37.3 10.2 7.5 19.3
38.8 9.3 6.9 18.2
38.2 9.2 7 19.5
40.3 9.5 7.5 19.2
40.9 9.4 7.6 18.4
38.4 9.7 7.4 18.7
39.6 10.2 8.1 19.6
40.7 10.3 8.1 19.2
39.2 9.9 8 18.4
37 10.3 7.3 19.3
41.1 8.3 7.3 19.4
38.9 11.7 9.3 18.7
39.4 9.8 7.7 19.7
38.2 9.4 6.9 18.8
39.3 10.8 7.9 18.2
41.5 9.3 7.7 18.9
38.4 10.1 7.6 20.8
38.3 10.3 7.3 19.3
39.1 9.4 7.3 19.2
39.7 9.3 7.7 19.5
38.5 9.8 7.6 21.1
40.5 8.9 7.6 18.3
30.7 12.3 6.5 24
43.3 9.5 8.4 18
41.6 9.2 7.8 21.6
38.4 9.1 7.1 20.1
39.5 9.2 7.5 19.6
39.8 9.2 7.5 20.4
44.6 8.2 8 18.3
43.7 9.2 8.5 18.3
40.9 9 7.2 18.4
38.2 9.1 6.8 20.7
35.6 10.6 7.2 16.6
38.5 9.5 6.9 21.3
39.9 7.3 5.9 19.1
37.7 9.9 7.1 18.8
39.1 9.4 7.1 18.9
41 8.5 7 20.2
37.7 9.5 6.8 18.5
38.6 9.6 6.9 19.3
41.5 9.1 8 19.5
36.7 9.4 6.4 21
40.1 9 7.1 19.6
38.7 9.6 7.3 17.8
39.7 9.4 7.3 18.9
38.7 10.5 7.5 20.3
38.9 9.1 6.7 18.6
40.2 9.7 7.8 19
39 9.4 7.6 18.3
39.7 9.6 7.6 17
37.4 9.8 7.2 17.5
37.6 10.3 7.5 18.7
39.2 10.9 8.1 20.2
40.3 8.2 6.8 18.5
37.5 10.1 7.4 19.1
37.4 10.2 7.7 19.1
44.3 9.2 8.5 19.1
42.7 9.3 8.4 18.8
39.5 9.5 7.6 19.3
36.5 10.4 6.7 19.8
40.1 9.2 7.3 19.4
39 10.4 8.1 20.5
41.6 9.6 8.3 19.1
42 9.6 8.1 19.3
41.6 8.4 7.3 18.1
37.2 9.9 7 19.2
34.5 9 7.2 20.3
39.1 9.2 7 20.3
37.9 9.8 7.1 19.8
35.9 10.3 6.9 18.6
41.8 9.7 7.9 21.3
40.9 9.9 8.4 19.1
39.7 8.6 6.8 18.3
40 10.9 8.7 16.6
38.7 9.1 7.3 19.2
38.9 9.6 7 18.6
40 9.8 7.9 20.8
38.5 10.7 7.9 18.6
38.8 8.8 6.8 21.3
38.5 9.8 7.1 20.6
39.9 9.9 7.8 18.4
39.9 9.5 8.1 17.4
37.2 10.4 7.9 20.8
41.3 9.3 8.2 20
39.6 8.9 6.8 19.4
41.3 9.1 7.5 18.7
41.4 10 7.9 19.7
41.1 9.3 7.7 19
44.9 8.9 8.4 16.8
39.3 9.6 7.2 18.5
41.4 9.9 8.4 18.6
36.7 9.6 7.4 18.9
39.2 9.4 7.3 19.3
43.1 8.1 7.5 18.8
39.2 10.4 8.1 19.1
42.1 9.2 8.1 19
42.2 9 7.9 19.8
40.2 9.8 8 19
39 9.1 7.3 19.3
37.6 10.6 7.3 18.2
40.8 10.1 8.3 18.9
41.6 9.4 8.2 19.2
42.1 9 7.3 16.9
42.6 8.9 7.9 18.8
37.3 11 7.7 20.5
41 10 8.2 17.9
43.5 7.9 7.3 18
42 9.5 7.9 18.9
40.9 8.9 7.7 18.6
40.2 9.6 8.1 19.9
37.7 11.2 8.6 18.6
38.7 9.7 7.6 18.6
38.4 8.7 6.5 20.1
41.3 9.4 8 19.6
41.3 9 7.9 19.4
40.8 9.4 7.8 18.1
41.4 9.1 8.2 17.9
41 9.1 7.6 19.4
38.8 9.8 7.4 18.6
37.7 10.7 7.8 18.6
37.9 9.4 6.9 19.9
40.7 11.1 9.3 19.1
39.8 10.7 8.4 17.9
39.6 9.5 7.7 18
38.3 9.8 7.5 20.7
37.7 9.7 7.1 19.2
38.4 9.7 7.3 19.7
40 10.1 7.9 16.5
40 9.6 7.4 20.7
40.5 8.7 6.9 18.4
39.3 9.3 7.5 18.5
38 9.4 7.2 18
40.5 10.7 8.6 18.4
36.4 10.2 7.1 19.5
38.9 10.1 7.7 18.7
31.6 11.7 6.4 23.9
42.2 9.7 8.2 18.9
40 10.2 8 18.3
37.7 10 7.4 18.2
41.5 8.9 7.8 19.9
39.8 9.6 7.2 18.7
39.3 9.6 7.5 19.6
37.9 9.8 7.1 18.3
38.7 9.2 7.3 19.7
36 10.4 7.4 20.9
38.5 9.1 7 19.2
42.2 9.2 7.6 19.1
40.2 9 7.1 17.8
40 9 7.7 18.3
40.9 9.4 7.6 21.4
38.2 9.6 7.5 17.9
36.3 10.8 7.4 21.1
39.5 9.6 7.5 18.1
39 9.8 7.8 17.9
41.2 8.9 7.5 15.9
38 10.1 7.7 19.4
39.5 9 7.1 18.1
40.1 9.7 8 18.4
42.5 9.5 8.7 19
41.4 9.5 7.9 17.8
40.5 9.4 8 19.5
39.2 9.1 7.3 19.2
36.2 10.3 7 20.6
42.2 9.2 8.6 17.7
43.7 8.1 6.9 18.5
43.8 7.4 7.1 18.3
44.3 8.2 7.6 17.8
42.5 8.1 7.4 18.6
41.1 8.8 7.4 17.8
43.4 7.4 6.5 18.6
43.8 7.8 7.2 19.1
42.4 8.4 7.6 17.6
41.5 8.3 7.2 19.5
43.1 8.5 8.9 19.3
47.3 7.8 8 17.7
45 8.4 7.5 16.7
44.2 7.9 7.4 17.1
43.7 8.6 8.5 19
43.5 7.8 7.1 17
45.1 7.4 7.4 17.5
45.4 8.6 8.6 18.9
44.9 8.6 8.5 17.2
47.2 8.1 7.7 15.3
45.3 7 6.6 17.2
46.1 8.5 8.6 18.1
45.7 8.4 7.8 18.5
42.6 8.9 7.7 18.9
43.5 8.4 8.4 18.6
44 8.2 7.5 18.3
42.8 7.5 6.7 15.5
46.2 8.3 7.9 18.1
40.6 8.2 7.5 17.9
41.5 8.5 8 18.2
43.7 8.1 8.3 16.9
44 8.2 8.2 17.2
41.6 8.4 7.3 19.1
43.3 7.8 7.5 18.1
43.9 8.3 7.3 17.7
42.3 8.4 7.1 19
43.3 9 8.2 18.6
41.2 8.4 7.6 20.4
44.8 8.1 7.4 18.9
42.2 8.7 7.4 18.1
41.2 8.3 6.4 18.3
44 7.6 7.3 18.1
46.4 8 7.8 18.3
44.2 7.3 6.8 18.3
42.7 7.6 6.7 17.8
45.6 8.5 7.4 18.1
42.8 7.9 7.1 18.3
41.7 7.2 7 16.5
44.2 7.5 7.5 17.6
45.3 8 7.8 18
46.2 7.4 7.9 17.1
42.2 8.9 8.1 18.1
45.2 7.9 7.6 18
44.2 7.9 7.4 19.7
42.4 7.5 6.8 18.1
41.3 8.8 7.3 19.1
44.2 8.3 7.9 18.8
44.3 7.6 7.1 16.8
43.3 9.2 8.8 17.3
46.2 7.4 7.8 17.5
44.5 7 6.9 19.9
43.3 8.2 7.2 19.3
45.8 8.1 7.7 18.6
45.6 7.9 8.3 18.6
44.5 8.2 8 16.9
42 7.3 6.7 18.7
43.5 7.8 6.8 17.2
44.4 8 7.3 18.2
43 9.2 8.7 17.9
43 8 7.9 17.2
42.1 8 7.1 17.7
43.9 8.4 8.2 19.8
45.2 8.1 7.6 17.8
41 8.1 7.9 21.3
41.3 8.3 7.4 19.7
44.8 8 7.7 18.4
41.3 8 6.7 18.9
42.3 8 7.3 18.8
46 7.7 7.7 19.5
44.5 8.3 8.1 18.3
44.2 8.5 8.1 17.9
43.2 8.4 7.6 20.5
43.9 8.7 8.6 17.9
43.5 8.2 7.4 18.5
40 8.8 7.5 17.3
43.2 9.6 8.7 18.4
41.1 8.3 7.1 19
44.2 8.1 8 18.5
44.5 7.6 7.3 18.3
43.4 7.9 7.4 17.5
43.7 8.1 7.1 17.7
45.3 8.1 8 16.7
42.2 8.4 7.5 19.5
42.7 8.1 6.1 19
44 8.8 7.8 17.8
44.3 7.7 7.2 19.9
45 8.3 7.8 18
46.6 7.9 8.1 18.6
43.7 8.2 7.8 18
44.9 8.3 7.9 19.6
43.5 8.6 7.7 18.2
45.7 8.6 8.3 17.5
41.9 8.4 7.5 18.6
46.3 7.3 7.5 18.9
43.5 8.5 8.6 18.8
45.2 8.3 7.9 18.6
44.4 7.7 6.7 17.9
43.7 9.4 8.6 17.6
44.1 8.2 7 17.8
42.6 8.5 8.2 20.1
42.7 8.7 7.8 19
44.1 8.5 7.7 20
43.2 8.4 7.4 18.9
43.7 8.1 8.1 20.4
44 7.5 7.6 17.7
34 10.5 6.8 19.2
48 8.3 8.1 17.5
43.4 8.1 7.5 19.4
43.5 7.8 7.3 19.9
43.8 8 7.7 18.6
46.5 7.8 7.5 20.7
47.7 7.4 8.2 18
46.1 8.2 8.4 15.7
45.1 8.4 8.3 18.8
39.7 8.3 7 20.2
42.1 8.9 7.6 16.6
43.3 8.3 7.1 20.3
43.6 7.7 7.1 19
42.1 8.2 7.7 18.5
47 7.9 6.6 17.4
44 7.9 7.1 19.5
42.2 8 7 17.5
44.3 8.4 6.9 17
47.2 7.7 7.8 18.2
41 7.7 6.4 19.2
44.3 7.5 7.2 18.9
46.1 7.6 8.1 16.5
46.2 7.7 7.4 18
42.7 8.6 7.8 20.4
42.2 8.4 7.4 17.9
45.8 7.4 7.7 18.5
43.9 8.3 7.5 18.5
43.7 8.2 8.2 17.8
42.3 8.5 7.4 17.1
41 8.7 7.5 18.7
43.7 8.9 8.4 19.1
43.8 7.8 7 18.2
42.2 8.5 7.4 19.6
41.6 8.6 7.6 17.9
49.2 8 8.8 18.7
47.1 7.7 8.4 18.5
44.3 8 7.5 17.5
42 7.8 6.5 19.3
43.9 8 7.3 18.6
44.7 8.1 7.8 19.7
46 7.9 8.4 18
46.8 7.4 7.6 18.5
47.7 7 6.6 16.9
41 8.2 7.1 18.1
44.3 7.7 7.9 18.3
43.1 7.9 7 18.4
42.6 7.8 7.1 19.7
44 8 7.1 18.3
49.2 7.4 8.3 18.1
46.2 8.4 8.1 18.2
44.8 7.9 6.7 19
43.9 9.1 9 16.2
43.6 7.8 7.6 18
44 8.1 7.4 19.9
44.6 8.8 8.3 18.3
41.6 8.6 7.7 18.6
42.9 7.8 6.9 20.1
43.7 8 7.3 19.5
43.7 8.2 7.7 18.4
43.8 7.8 7.8 17
41.2 8.6 8 20.1
45.4 8.1 7.9 17.9
44.6 7.7 6.9 18.5
45.5 7.7 7.7 19.1
45.2 8.7 8.5 18.5
42.8 8.5 7.6 18.8
47.3 8.2 9.1 17.2
41.3 8.1 6.8 16.9
44.3 8.8 8.2 17.8
42.4 7.8 7.1 17.8
43.9 7.6 6.9 17.9
46.4 7.9 8 17.7
43.8 8.6 7.9 16.8
46.2 8 8.1 19.1
46.1 7.6 7.9 18.4
45.3 8.1 7.6 18.1
42 8.2 7.6 19.1
44 8.6 8.2 18.9
46.2 8.1 8.1 16.8
42.6 8.6 8 18.5
44 7.9 7.5 17.9
48.1 7.3 7.6 18.3
40.7 9.2 7.9 20
45.9 8.1 7.9 17.4
46.6 7.2 7.6 17.5
44.9 8.4 8 17.9
45.6 8.1 8.1 17.9
45 8.1 7.9 18.2
41 8.6 8.4 21.3
42.9 8.6 8.1 18.6
39.7 7.6 6.6 19.8
44.5 8.5 8.1 17.5
45.7 7.6 8 18.2
43.4 8.3 7.7 18.3
45.4 7.9 8.2 17.9
42.8 8 7.3 18.9
42.6 8 7.4 18.2
43.5 8.7 8.3 16.1
41.8 8 6.7 18.5
43.6 8.5 8.6 21.2
44.2 8.9 8.2 17.5
43.8 8.2 7.8 17.6
45.6 7.2 6.8 19.7
42.1 7.9 7.3 18.4
44.2 8.1 7.7 17.8
44.2 8.8 8.3 17.1
44.4 8.1 7.4 19.3
45.2 8.1 7.8 19.2
44.9 7.5 7.6 18.1
42.3 8.5 7.5 17.9
47.5 8.8 9 18.7
41.9 8.6 7.2 18.3
44.9 8.3 7.5 18.5
35.2 10.1 6.5 24.4
45.1 7.9 7.7 18.9
43.6 8.7 8 16.7
41.8 8.9 7.8 17.9
48.4 7.7 7.9 18.9
43.9 8 7.3 18.3
42.9 8.2 7.6 20
44.7 8.2 7.5 17.8
44.9 7.7 7.6 18.8
41 8.7 7.2 20
42.2 8.2 7.3 18.3
46.9 7.4 7.6 19
45 8 7.7 17.9
44.4 7.8 7.3 18.8
44.9 7.6 7.1 18.9
42.3 8 7.1 16.9
42.5 8.5 7.1 20.5
43.4 8.3 7.8 18.6
44 8.1 7.4 17.7
46.2 7.8 8.1 15.2
43.3 8.8 7.9 19.3
43.5 7.4 6.9 16.8
43.7 8.6 7.8 17.6
46.9 8.2 8.8 19.1
48.1 8.3 7.9 18.3
45.3 7.7 7.7 20
44.1 7.4 6.8 18.4
43.2 8.5 7.4 19.6
43.1 8.2 8.3 20.6
43.6 7.6 7.2 22.8
44.6 7.5 7.4 22.3
45.4 7.5 7.7 21.3
41.1 8.3 7.6 25.5
40.9 8.6 7.5 22.2
43.4 6.9 6.8 20.9
43.5 7.4 7 22.8
40.6 8 6.9 21
42.2 7.8 7.4 22.3
45.8 8.2 8.6 22.8
48.4 6.9 7.8 19.6
43.8 7.3 7.4 22.1
43.6 7.5 7.4 20.6
44 8.1 7.9 23.5
42.6 7.6 7.7 20.5
48.1 7.3 8.1 21.7
46.1 8.3 8.4 22
44.7 8.3 8.6 21.1
46.3 7.5 8 20.4
47.9 6.4 7 22
45.5 7.9 8.2 22.2
45.5 8.3 8.4 20.8
41.9 8.3 7.4 22.3
44.4 8.3 8.4 22.3
45.3 7.6 7.5 21.8
42.3 7.6 7 20.6
46.9 7.6 8.2 21.4
42.3 8 7.6 21
41.4 8.2 8 21.8
43.1 7.8 7.5 21.8
46.3 7.2 7.5 22.7
42 7.6 7 22.4
44.4 7.4 7.3 21.9
43.3 7.8 7.6 20.5
43.1 7.7 7.4 23.1
43.9 8.9 8.6 20.9
46.7 8 7.7 21.1
44.1 8.2 8 21
43 8.1 7.5 22.6
41.1 8 6.6 22.5
43.6 7.7 7.8 20.2
45 7.9 8.4 20.1
45.1 7.1 7.2 20.3
42.6 7.2 7.2 21.9
44.2 7.6 7.5 20.8
43.7 7.9 7.1 21.2
43.5 7.8 7.5 20.2
43.8 7.4 7.4 21
45.2 7.5 7.3 22
45 7.5 7.8 19.7
42 8.3 7.7 22
46.3 7.5 8.1 21.4
44.6 7.8 8 23.2
44.3 7.3 7.2 21.3
41.5 8 7.2 22.8
44.9 8 8.4 23.5
43.8 7.7 7.4 20.5
42.4 8.9 8.7 20.4
46.3 7.2 7.9 20.8
45.3 6.9 7.1 21.9
43 7.4 7.1 21.5
45.4 7.5 7.7 21.2
44.8 7.4 7.9 21.6
43.7 8.1 8 20.3
41.5 7.2 6.7 22.5
42.7 7.4 7 19.8
44.9 7.4 7.3 21.1
42.7 9 8.5 21.2
42.1 7.5 7.8 21.4
42.6 7.8 7.1 20.6
43.1 8.4 8 22.2
44.5 7.3 7.3 22.4
43.8 7.4 7.8 22.4
41.7 7.6 6.8 23.1
44.3 7.5 7.7 22.1
42.8 7.6 6.2 23.2
43.4 7.7 7.3 22.2
45.3 7.5 8.3 22.5
44.6 7.4 8 21
44.9 8.1 8.1 21.8
43.2 7.7 7.5 23
43.3 8.2 8.3 20.8
42.8 7.6 7.3 21.3
40.8 8.1 7.4 23.5
41.5 9.2 8.9 22.3
41.5 7.9 6.9 22.2
44.2 7.5 7.8 21.1
44.1 7.1 7.4 21.7
44.2 7.6 7.6 21.3
43 7.5 7.3 21.5
45 7.4 7.7 21.8
43.6 8 7.6 22.9
42.3 7.6 6.6 21.4
43.6 8.6 8.7 20.9
44 7.4 7.8 21.8
46 7.3 8.1 21.3
45 7.5 7.5 21.3
42.9 7.7 7.6 21.9
43.9 7.9 7.8 22.7
44.2 8.2 7.8 21.1
42.3 8.1 7.9 21
41.6 7.9 7.2 22.6
45.7 6.9 7.7 21.2
45.1 7.7 8.1 20.9
44.8 7.5 7.4 21.2
44 7.1 6.8 21.4
43.1 8.8 8.3 21.6
43.3 7.8 7.5 20.6
43.5 8.1 7.9 22.5
42.5 8 7.3 20.7
43 8.1 7.7 21.5
43.9 7.8 7.5 22.3
45.4 7.6 7.9 23.2
43.8 7.7 8.1 21.5
33.5 10.5 6.9 24.6
46.9 7.7 8.4 20.2
45 7.6 7.8 23.6
42.5 7.3 7.2 22.3
44.3 7 7.5 20.8
47.2 7 7.6 24
46.8 7.1 8.1 20.5
44.9 8 8.7 20.1
44.6 7.3 7.8 21.9
41.7 7.7 7.2 22.3
41.5 8.8 7.5 19.6
44.5 7.5 7.6 24.2
44.7 7.3 7.1 20.9
43.5 7.6 7.6 21.5
45.1 7.7 7.6 20.9
43.9 7.4 7.3 22.7
41.8 7.4 6.8 21.8
43.5 7.7 6.9 22.5
46.8 7.5 7.9 21.8
41.1 7.1 6.6 23.4
43.9 7.3 6.9 21.4
45.5 7.6 8.2 20.4
46.2 7.9 7.3 22.2
43.1 8.6 7.6 25
41.2 8.2 7.4 21.4
46.4 7.5 8 20.2
44.7 7.9 8.1 21.7
42.6 8.2 8.3 20.6
40.6 8.2 7.4 20.3
43.3 8 7.8 20.9
44.2 8.3 8.6 21.8
45.8 7.5 7.4 21.1
42.6 8.1 7.7 21.1
42.7 7.9 7.7 21
47.5 7.3 8.3 20.1
46.7 7.3 8.2 21.3
44.5 7.5 7.9 23
43.6 7.2 6.8 22.6
43.1 7.6 7.6 22
43.8 7.7 7.8 22.6
46.8 7.5 8.4 21.8
46.2 7.8 8.4 21.7
49.4 6.7 7.2 19.9
41 7.6 6.8 21.7
48.4 7.2 7.7 22
41.4 7.7 7.1 22.2
42.3 7.6 7.4 21.9
42.6 7.4 6.8 21.9
47.2 7.3 7.9 21.8
45.4 8 7.8 21.3
43.8 7.4 7.1 21.2
44.7 8.6 8.8 20.1
46 7.2 7.8 21.4
42.4 7.9 7.5 22.4
44.5 8 8.3 21.9
42.2 8 7.6 20.5
43.2 7.7 7.1 23.7
42.3 7.6 7 23.4
44.3 7.5 8.1 22.5
43.7 7.8 7.6 20.1
41.6 8 8 23.5
44.8 7.4 7.5 22.4
42.4 7.2 6.9 21.4
46.5 7.6 7.6 21.9
46 8 8.2 20.6
41.9 7.9 7.7 22
47.6 7.7 8.9 20.1
42 7.8 7.2 21.3
44.8 8 8.2 21.7
41.2 8 7.4 21.2
44.9 7.3 7.3 22.2
45.6 7.1 7.9 21.9
45.8 7.8 8.2 21.6
45.9 7.4 8.3 21.4
47.9 7.5 7.7 21.6
43.8 7.7 7.9 21.1
42.6 7.6 7.4 22.7
43.7 8.1 7.8 21.2
45.9 7.5 8 19.6
43.5 8.1 7.8 21.4
43.2 7.5 7.4 20.6
48.9 7.1 7.6 21.6
41.3 8.9 8.2 23.4
45.3 7.8 7.8 21.2
47.7 6.3 7.5 21
44.7 8.1 8.1 22
43.4 7.4 7.5 20.7
45.5 7.8 7.8 21.1
41.6 8.8 8.5 20
44.3 8.1 8 22.6
42.9 7 6.5 22.2
43.9 7.7 8.3 22.5
46.5 7.5 8.4 21
43.5 7.5 7.9 21.5
44.5 8.1 8.2 20.5
43.1 7.5 7.2 22.4
43.1 7.7 7.5 21.3
42 8.4 8.4 21
40.9 8 7.1 21.7
44.1 7.9 8.4 23.6
44.5 8.4 8.2 20.3
43.9 7.9 8 21.2
46.4 7.4 7.5 22.9
41.3 7.4 6.9 22
44.8 7.5 7.6 21.4
42.7 8.3 8.4 20.8
46.9 7.3 7.6 23.1
44.1 7.5 7.6 21.8
44.7 7.2 7.3 20.7
43.6 7.7 7.1 20.5
44.1 8.4 9.4 19.3
43.3 7.6 7.2 21.8
44.6 7.6 7.8 22.1
31.6 9.8 6.3 26.9
44.3 7.6 7.7 21.8
43.2 8.6 8.3 20.9
42.5 8.2 7.4 21.6
45.7 7 7.6 23
42.6 7.8 7.3 21.6
43.9 7.6 7.6 21.9
44.2 7.7 7.6 20.7
44.8 7.1 7.4 21.8
40.9 8.4 7.3 23.5
42 7.5 7.1 22.2
45.7 7.1 7.7 22
45.2 7.2 7.7 21
43.3 7.3 7.3 21.4
44.7 7.4 7.4 23
41.3 8.2 7.5 19.5
41.6 8.2 7.2 24.2
43.1 7.9 7.7 21.2
43.9 7.5 7.4 21.3
46.9 7.3 7.5 21.7
43.3 7.6 7.9 21.8
44.6 7.1 7.3 20.8
43.1 8.4 8.4 21
47.8 7.7 9.2 22.4
46.1 7.7 8.6 20.9
44.7 7.8 7.9 23.2
44.7 7.2 7.1 21.4
40.4 8.1 7.1 23.4
